x[0] : (1.0 ; 0.0i), (1.0 ; 0.0 rad)
X[0] : (-8.996208E-16 ; 3.690681E-16i), (9.72383E-16 ; 2.7522826 rad)
=======
x[1] : (0.9238795 ; 0.0i), (0.9238795 ; 0.0 rad)
X[1] : (8.0 ; -1.4776171E-15i), (8.0 ; -1.8470214E-16 rad)
=======
x[2] : (0.70710677 ; 0.0i), (0.70710677 ; 0.0 rad)
X[2] : (2.4369826E-16 ; 6.403576E-16i), (6.8516183E-16 ; 1.2071549 rad)
=======
x[3] : (0.38268343 ; 0.0i), (0.38268343 ; 0.0 rad)
X[3] : (-1.4183988E-15 ; -4.6964536E-16i), (1.4941292E-15 ; -2.8218448 rad)
=======
x[4] : (6.123234E-17 ; 0.0i), (6.123234E-17 ; 0.0 rad)
X[4] : (1.6585734E-16 ; -8.5230933E-16i), (8.6829713E-16 ; -1.3786007 rad)
=======
x[5] : (-0.38268343 ; 0.0i), (0.38268343 ; 3.1415927 rad)
X[5] : (9.905155E-16 ; -7.495567E-17i), (9.933475E-16 ; -0.07552945 rad)
=======
x[6] : (-0.70710677 ; 0.0i), (0.70710677 ; 3.1415927 rad)
X[6] : (2.275163E-16 ; 5.466272E-16i), (5.920853E-16 ; 1.1763872 rad)
=======
x[7] : (-0.9238795 ; 0.0i), (0.9238795 ; 3.1415927 rad)
X[7] : (4.440892E-16 ; -1.2246469E-16i), (4.6066564E-16 ; -0.26907817 rad)
=======
x[8] : (-1.0 ; 0.0i), (1.0 ; 3.1415927 rad)
X[8] : (2.1060222E-16 ; 4.905247E-17i), (2.1623932E-16 ; 0.2288354 rad)
=======
x[9] : (-0.9238795 ; 0.0i), (0.9238795 ; 3.1415927 rad)
X[9] : (0.0 ; 2.9873979E-16i), (2.9873979E-16 ; 1.5707964 rad)
=======
x[10] : (-0.70710677 ; 0.0i), (0.70710677 ; 3.1415927 rad)
X[10] : (1.744223E-16 ; -3.9542825E-16i), (4.321882E-16 ; -1.1553706 rad)
=======
x[11] : (-0.38268343 ; 0.0i), (0.38268343 ; 3.1415927 rad)
X[11] : (1.4183988E-15 ; 2.24716E-16i), (1.4360893E-15 ; 0.15712345 rad)
=======
x[12] : (-1.8369701E-16 ; 0.0i), (1.8369701E-16 ; 3.1415927 rad)
X[12] : (3.3302516E-17 ; 9.240475E-16i), (9.246474E-16 ; 1.534772 rad)
=======
x[13] : (0.38268343 ; 0.0i), (0.38268343 ; 0.0 rad)
X[13] : (-9.905155E-16 ; -2.157432E-16i), (1.0137387E-15 ; -2.927133 rad)
=======
x[14] : (0.70710677 ; 0.0i), (0.70710677 ; 0.0 rad)
X[14] : (-1.5577816E-16 ; -3.0169786E-16i), (3.395415E-16 ; -2.047429 rad)
=======
x[15] : (0.9238795 ; 0.0i), (0.9238795 ; 0.0 rad)
X[15] : (8.0 ; 8.5725277E-16i), (8.0 ; 1.07156596E-16 rad)
